11 0 1.01759 0 0.359259
11 0 0.402778 0 0.155556
11 0 1.01713 0 0.358333
11 0 0.4 0 0.155556
11 0 1.01806 0 0.362037
11 0 0.400926 0 0.161111
11 0 1.01759 0 0.362963
11 0 0.401389 0 0.156481
11 0 1.01991 0 0.373148
11 0 0.402778 0 0.161111
11 0 1.02407 0 0.377778
11 0 1.02593 0 0.383333
11 0 1.02685 0 0.381481
11 0 1.02824 0 0.384259
11 0 0.996759 0 0.308333
11 0 1.03194 0 0.365741
11 0 1.03102 0 0.362037
11 0 1.03102 0 0.380556
11 0 1.03472 0 0.382407
11 0 1.03241 0 0.37963
11 0 1.0338 0 0.373148
11 0 1.02269 0 0.365741
11 0 1.02407 0 0.377778
11 0 1.01852 0 0.364815
11 0 1.01713 0 0.367593
11 0 0.393056 0 0.162037
11 0 1.00556 0 0.353704
11 0 1.00972 0 0.365741
11 0 0.383333 0 0.155556
11 0 1.00463 0 0.355556
11 0 0.99537 0 0.362963
11 0 0.987037 0 0.357407
11 0 0.987963 0 0.351852
11 0 0.984259 0 0.361111
11 0 0.991204 0 0.356481
11 0 0.991204 0 0.369444
11 0 0.993981 0 0.375
11 0 1.01204 0 0.362963
11 0 1.01991 0 0.384259
11 0 1.03519 0 0.390741
11 0 0.378704 0 0.166667
11 0 1.0412 0 0.397222
11 0 0.386574 0 0.169444
11 0 1.06065 0 0.399074
11 0 0.403241 0 0.171296
11 0 1.09167 0 0.403704
11 0 0.4125 0 0.165741
11 0 1.10509 0 0.399074
11 0 1.1125 0 0.399074
11 0 1.11852 0 0.403704
11 0 1.12083 0 0.40463
11 0 0.427315 0 0.162037
11 0 1.14074 0 0.398148
11 0 0.433796 0 0.162037
11 0 1.17176 0 0.423148
11 0 0.444907 0 0.162037
11 0 1.18565 0 0.419444
11 0 0.449074 0 0.172222
11 0 1.18704 0 0.414815
11 0 1.1838 0 0.412037
11 0 1.18796 0 0.42037
11 0 1.1875 0 0.423148
11 0 1.19583 0 0.423148
11 0 0.430556 0 0.188889
11 0 1.20139 0 0.430556
11 0 1.21667 0 0.45
11 0 0.439815 0 0.17037
11 0 1.22083 0 0.456481
11 0 0.438426 0 0.176852
11 0 1.22917 0 0.463889
11 0 0.441204 0 0.184259
11 0 1.24352 0 0.45
